(kicad_pcb (version 20171130) (host pcbnew "(5.1.9)-1")

  (general
    (thickness 1.6)
    (drawings 6)
    (tracks 0)
    (zones 0)
    (modules 82)
    (nets 86)
  )

  (page A4)
  (layers
    (0 F.Cu signal)
    (31 B.Cu signal)
    (32 B.Adhes user)
    (33 F.Adhes user)
    (34 B.Paste user)
    (35 F.Paste user)
    (36 B.SilkS user)
    (37 F.SilkS user)
    (38 B.Mask user)
    (39 F.Mask user)
    (40 Dwgs.User user)
    (41 Cmts.User user)
    (42 Eco1.User user)
    (43 Eco2.User user)
    (44 Edge.Cuts user)
    (45 Margin user)
    (46 B.CrtYd user)
    (47 F.CrtYd user)
    (48 B.Fab user)
    (49 F.Fab user)
  )

  (setup
    (last_trace_width 0.25)
    (trace_clearance 0.2)
    (zone_clearance 0.508)
    (zone_45_only no)
    (trace_min 0.2)
    (via_size 0.8)
    (via_drill 0.4)
    (via_min_size 0.4)
    (via_min_drill 0.3)
    (uvia_size 0.3)
    (uvia_drill 0.1)
    (uvias_allowed no)
    (uvia_min_size 0.2)
    (uvia_min_drill 0.1)
    (edge_width 0.05)
    (segment_width 0.2)
    (pcb_text_width 0.3)
    (pcb_text_size 1.5 1.5)
    (mod_edge_width 0.12)
    (mod_text_size 1 1)
    (mod_text_width 0.15)
    (pad_size 0.25 0.6)
    (pad_drill 0)
    (pad_to_mask_clearance 0)
    (aux_axis_origin 0 0)
    (visible_elements 7FFFF7FF)
    (pcbplotparams
      (layerselection 0x010fc_ffffffff)
      (usegerberextensions false)
      (usegerberattributes true)
      (usegerberadvancedattributes true)
      (creategerberjobfile true)
      (excludeedgelayer true)
      (linewidth 0.100000)
      (plotframeref false)
      (viasonmask false)
      (mode 1)
      (useauxorigin false)
      (hpglpennumber 1)
      (hpglpenspeed 20)
      (hpglpendiameter 15.000000)
      (psnegative false)
      (psa4output false)
      (plotreference true)
      (plotvalue true)
      (plotinvisibletext false)
      (padsonsilk false)
      (subtractmaskfromsilk false)
      (outputformat 1)
      (mirror false)
      (drillshape 1)
      (scaleselection 1)
      (outputdirectory ""))
  )

  (net 0 "")
  (net 1 VCC)
  (net 2 GND)
  (net 3 "Net-(C3-Pad2)")
  (net 4 "Net-(C4-Pad2)")
  (net 5 /ARDUINO-MICRO/A5)
  (net 6 "Net-(C7-Pad1)")
  (net 7 "Net-(C8-Pad2)")
  (net 8 "Net-(C9-Pad2)")
  (net 9 "Net-(C10-Pad1)")
  (net 10 "Net-(C11-Pad1)")
  (net 11 "Net-(C12-Pad1)")
  (net 12 "Net-(C12-Pad2)")
  (net 13 "Net-(C13-Pad2)")
  (net 14 "Net-(C13-Pad1)")
  (net 15 /ARDUINO-MICRO/A3)
  (net 16 VBUS)
  (net 17 HT)
  (net 18 GNDPWR)
  (net 19 "Net-(C19-Pad1)")
  (net 20 "Net-(C21-Pad2)")
  (net 21 "Net-(C21-Pad1)")
  (net 22 /DRIVER/FB)
  (net 23 +3.3V)
  (net 24 /DRIVER/HCN)
  (net 25 /DRIVER/HCP)
  (net 26 /DRIVER/HBP)
  (net 27 /DRIVER/HBN)
  (net 28 /DRIVER/HAN)
  (net 29 /DRIVER/HAP)
  (net 30 /ARDUINO-MICRO/RESET)
  (net 31 "Net-(D2-Pad2)")
  (net 32 "Net-(D3-Pad2)")
  (net 33 /ARDUINO-MICRO/A4)
  (net 34 "Net-(D5-Pad2)")
  (net 35 "Net-(D6-Pad2)")
  (net 36 "Net-(D7-Pad2)")
  (net 37 /ARDUINO-MICRO/FAULT)
  (net 38 "Net-(D8-Pad2)")
  (net 39 "Net-(F1-Pad2)")
  (net 40 +5V)
  (net 41 "Net-(JP2-Pad2)")
  (net 42 /DRIVER/SW)
  (net 43 /ARDUINO-MICRO/PWM_IN)
  (net 44 /ARDUINO-MICRO/MISO)
  (net 45 /ARDUINO-MICRO/SCK)
  (net 46 /ARDUINO-MICRO/MOSI)
  (net 47 "Net-(P3-Pad2)")
  (net 48 "Net-(P3-Pad3)")
  (net 49 "Net-(P3-Pad4)")
  (net 50 /ARDUINO-MICRO/TX_232)
  (net 51 /ARDUINO-MICRO/RX_232)
  (net 52 /DRIVER/W)
  (net 53 /DRIVER/V)
  (net 54 /DRIVER/U)
  (net 55 /ARDUINO-MICRO/CS1)
  (net 56 /ARDUINO-MICRO/TX_LED)
  (net 57 /ARDUINO-MICRO/ILIM)
  (net 58 "Net-(R7-Pad2)")
  (net 59 /ARDUINO-MICRO/D12)
  (net 60 /ARDUINO-MICRO/D5)
  (net 61 /ARDUINO-MICRO/FGOUT)
  (net 62 /ARDUINO-MICRO/D4)
  (net 63 /ARDUINO-MICRO/D-)
  (net 64 /ARDUINO-MICRO/D+)
  (net 65 /ARDUINO-MICRO/D10)
  (net 66 /ARDUINO-MICRO/CS2)
  (net 67 /ARDUINO-MICRO/DRVOFF)
  (net 68 /ARDUINO-MICRO/D9)
  (net 69 /ARDUINO-MICRO/PWM)
  (net 70 /ARDUINO-MICRO/D8)
  (net 71 /ARDUINO-MICRO/BRAKE)
  (net 72 /ARDUINO-MICRO/D6)
  (net 73 /ARDUINO-MICRO/D7)
  (net 74 /ARDUINO-MICRO/D11)
  (net 75 /ARDUINO-MICRO/SCL)
  (net 76 /ARDUINO-MICRO/SDA)
  (net 77 /ARDUINO-MICRO/RXI)
  (net 78 /ARDUINO-MICRO/TXO)
  (net 79 /ARDUINO-MICRO/D13)
  (net 80 /ARDUINO-MICRO/A0)
  (net 81 /ARDUINO-MICRO/A1)
  (net 82 /ARDUINO-MICRO/A2)
  (net 83 "Net-(U3-Pad1)")
  (net 84 /DRIVER/SLEEP)
  (net 85 "Net-(U3-Pad24)")

  (net_class Default "This is the default net class."
    (clearance 0.2)
    (trace_width 0.25)
    (via_dia 0.8)
    (via_drill 0.4)
    (uvia_dia 0.3)
    (uvia_drill 0.1)
    (add_net +3.3V)
    (add_net +5V)
    (add_net /ARDUINO-MICRO/A0)
    (add_net /ARDUINO-MICRO/A1)
    (add_net /ARDUINO-MICRO/A2)
    (add_net /ARDUINO-MICRO/A3)
    (add_net /ARDUINO-MICRO/A4)
    (add_net /ARDUINO-MICRO/A5)
    (add_net /ARDUINO-MICRO/BRAKE)
    (add_net /ARDUINO-MICRO/CS1)
    (add_net /ARDUINO-MICRO/CS2)
    (add_net /ARDUINO-MICRO/D+)
    (add_net /ARDUINO-MICRO/D-)
    (add_net /ARDUINO-MICRO/D10)
    (add_net /ARDUINO-MICRO/D11)
    (add_net /ARDUINO-MICRO/D12)
    (add_net /ARDUINO-MICRO/D13)
    (add_net /ARDUINO-MICRO/D4)
    (add_net /ARDUINO-MICRO/D5)
    (add_net /ARDUINO-MICRO/D6)
    (add_net /ARDUINO-MICRO/D7)
    (add_net /ARDUINO-MICRO/D8)
    (add_net /ARDUINO-MICRO/D9)
    (add_net /ARDUINO-MICRO/DRVOFF)
    (add_net /ARDUINO-MICRO/FAULT)
    (add_net /ARDUINO-MICRO/FGOUT)
    (add_net /ARDUINO-MICRO/ILIM)
    (add_net /ARDUINO-MICRO/MISO)
    (add_net /ARDUINO-MICRO/MOSI)
    (add_net /ARDUINO-MICRO/PWM)
    (add_net /ARDUINO-MICRO/PWM_IN)
    (add_net /ARDUINO-MICRO/RESET)
    (add_net /ARDUINO-MICRO/RXI)
    (add_net /ARDUINO-MICRO/RX_232)
    (add_net /ARDUINO-MICRO/SCK)
    (add_net /ARDUINO-MICRO/SCL)
    (add_net /ARDUINO-MICRO/SDA)
    (add_net /ARDUINO-MICRO/TXO)
    (add_net /ARDUINO-MICRO/TX_232)
    (add_net /ARDUINO-MICRO/TX_LED)
    (add_net /DRIVER/FB)
    (add_net /DRIVER/HAN)
    (add_net /DRIVER/HAP)
    (add_net /DRIVER/HBN)
    (add_net /DRIVER/HBP)
    (add_net /DRIVER/HCN)
    (add_net /DRIVER/HCP)
    (add_net /DRIVER/SLEEP)
    (add_net /DRIVER/SW)
    (add_net /DRIVER/U)
    (add_net /DRIVER/V)
    (add_net /DRIVER/W)
    (add_net GND)
    (add_net GNDPWR)
    (add_net HT)
    (add_net "Net-(C10-Pad1)")
    (add_net "Net-(C11-Pad1)")
    (add_net "Net-(C12-Pad1)")
    (add_net "Net-(C12-Pad2)")
    (add_net "Net-(C13-Pad1)")
    (add_net "Net-(C13-Pad2)")
    (add_net "Net-(C19-Pad1)")
    (add_net "Net-(C21-Pad1)")
    (add_net "Net-(C21-Pad2)")
    (add_net "Net-(C3-Pad2)")
    (add_net "Net-(C4-Pad2)")
    (add_net "Net-(C7-Pad1)")
    (add_net "Net-(C8-Pad2)")
    (add_net "Net-(C9-Pad2)")
    (add_net "Net-(D2-Pad2)")
    (add_net "Net-(D3-Pad2)")
    (add_net "Net-(D5-Pad2)")
    (add_net "Net-(D6-Pad2)")
    (add_net "Net-(D7-Pad2)")
    (add_net "Net-(D8-Pad2)")
    (add_net "Net-(F1-Pad2)")
    (add_net "Net-(JP2-Pad2)")
    (add_net "Net-(P3-Pad2)")
    (add_net "Net-(P3-Pad3)")
    (add_net "Net-(P3-Pad4)")
    (add_net "Net-(R7-Pad2)")
    (add_net "Net-(U3-Pad1)")
    (add_net "Net-(U3-Pad24)")
    (add_net VBUS)
    (add_net VCC)
  )

  (module Driverino:TDD01H0SB1R (layer F.Cu) (tedit 608EFE35) (tstamp 608F82F0)
    (at 192 83)
    (path /614792E0/609E3044)
    (fp_text reference JP1 (at 0 4.5) (layer F.SilkS)
      (effects (font (size 1 1) (thickness 0.15)))
    )
    (fp_text value VCC_SEL (at 0 0) (layer F.SilkS)
      (effects (font (size 1 1) (thickness 0.15)))
    )
    (fp_line (start -1.1938 -1.4452) (end -1.1938 -2.0548) (layer F.Fab) (width 0.1524))
    (fp_line (start -1.1938 -2.0548) (end -2.3495 -2.0548) (layer F.Fab) (width 0.1524))
    (fp_line (start -2.3495 -2.0548) (end -2.3495 -1.4452) (layer F.Fab) (width 0.1524))
    (fp_line (start -2.3495 -1.4452) (end -1.1938 -1.4452) (layer F.Fab) (width 0.1524))
    (fp_line (start -1.1938 2.0548) (end -1.1938 1.4452) (layer F.Fab) (width 0.1524))
    (fp_line (start -1.1938 1.4452) (end -2.3495 1.4452) (layer F.Fab) (width 0.1524))
    (fp_line (start -2.3495 1.4452) (end -2.3495 2.0548) (layer F.Fab) (width 0.1524))
    (fp_line (start -2.3495 2.0548) (end -1.1938 2.0548) (layer F.Fab) (width 0.1524))
    (fp_line (start 1.1938 -0.3048) (end 1.1938 0.3048) (layer F.Fab) (width 0.1524))
    (fp_line (start 1.1938 0.3048) (end 2.3495 0.3048) (layer F.Fab) (width 0.1524))
    (fp_line (start 2.3495 0.3048) (end 2.3495 -0.3048) (layer F.Fab) (width 0.1524))
    (fp_line (start 2.3495 -0.3048) (end 1.1938 -0.3048) (layer F.Fab) (width 0.1524))
    (fp_line (start -0.6985 0.5461) (end -0.6985 -0.5461) (layer F.Fab) (width 0.1524))
    (fp_line (start -0.6985 -0.5461) (end 0.6985 -0.5461) (layer F.Fab) (width 0.1524))
    (fp_line (start 0.6985 -0.5461) (end 0.6985 0.5461) (layer F.Fab) (width 0.1524))
    (fp_line (start 0.6985 0.5461) (end -0.6985 0.5461) (layer F.Fab) (width 0.1524))
    (fp_line (start -1.3208 3.3782) (end 1.3208 3.3782) (layer F.SilkS) (width 0.1524))
    (fp_line (start 1.3208 3.3782) (end 1.3208 0.529165) (layer F.SilkS) (width 0.1524))
    (fp_line (start 1.3208 -3.3782) (end -1.3208 -3.3782) (layer F.SilkS) (width 0.1524))
    (fp_line (start -1.3208 -3.3782) (end -1.3208 -2.279166) (layer F.SilkS) (width 0.1524))
    (fp_line (start -1.1938 3.2512) (end 1.1938 3.2512) (layer F.Fab) (width 0.1524))
    (fp_line (start 1.1938 3.2512) (end 1.1938 -3.2512) (layer F.Fab) (width 0.1524))
    (fp_line (start 1.1938 -3.2512) (end -1.1938 -3.2512) (layer F.Fab) (width 0.1524))
    (fp_line (start -1.1938 -3.2512) (end -1.1938 3.2512) (layer F.Fab) (width 0.1524))
    (fp_line (start -1.3208 -1.220837) (end -1.3208 1.220834) (layer F.SilkS) (width 0.1524))
    (fp_line (start -1.3208 2.279164) (end -1.3208 3.3782) (layer F.SilkS) (width 0.1524))
    (fp_line (start 1.3208 -0.529165) (end 1.3208 -3.3782) (layer F.SilkS) (width 0.1524))
    (fp_line (start -1.4478 3.5052) (end -1.4478 2.258) (layer F.CrtYd) (width 0.1524))
    (fp_line (start -1.4478 2.258) (end -2.8575 2.258) (layer F.CrtYd) (width 0.1524))
    (fp_line (start -2.8575 2.258) (end -2.8575 -2.258) (layer F.CrtYd) (width 0.1524))
    (fp_line (start -2.8575 -2.258) (end -1.4478 -2.258) (layer F.CrtYd) (width 0.1524))
    (fp_line (start -1.4478 -2.258) (end -1.4478 -3.5052) (layer F.CrtYd) (width 0.1524))
    (fp_line (start -1.4478 -3.5052) (end 1.4478 -3.5052) (layer F.CrtYd) (width 0.1524))
    (fp_line (start 1.4478 -3.5052) (end 1.4478 -2.258) (layer F.CrtYd) (width 0.1524))
    (fp_line (start 1.4478 -2.258) (end 2.8575 -2.258) (layer F.CrtYd) (width 0.1524))
    (fp_line (start 2.8575 -2.258) (end 2.8575 2.258) (layer F.CrtYd) (width 0.1524))
    (fp_line (start 2.8575 2.258) (end 1.4478 2.258) (layer F.CrtYd) (width 0.1524))
    (fp_line (start 1.4478 2.258) (end 1.4478 3.5052) (layer F.CrtYd) (width 0.1524))
    (fp_line (start 1.4478 3.5052) (end -1.4478 3.5052) (layer F.CrtYd) (width 0.1524))
    (fp_arc (start 0 -3.2512) (end 0.3048 -3.2512) (angle 180) (layer F.Fab) (width 0.1524))
    (fp_text user * (at -2.4003 -3.5534) (layer F.SilkS)
      (effects (font (size 1 1) (thickness 0.15)))
    )
    (fp_text user * (at -0.8128 -2.0294) (layer F.Fab)
      (effects (font (size 1 1) (thickness 0.15)))
    )
    (fp_text user * (at -0.8128 -2.0294) (layer F.Fab)
      (effects (font (size 1 1) (thickness 0.15)))
    )
    (fp_text user * (at -2.4003 -3.5534) (layer F.SilkS)
      (effects (font (size 1 1) (thickness 0.15)))
    )
    (fp_text user "Copyright 2016 Accelerated Designs. All rights reserved." (at 0 0) (layer Cmts.User)
      (effects (font (size 0.127 0.127) (thickness 0.002)))
    )
    (pad 2 smd rect (at 2.1463 0) (size 1.1176 0.6604) (layers F.Cu F.Paste F.Mask)
      (net 1 VCC))
    (pad 3 smd rect (at -2.1463 1.749999) (size 1.1176 0.6604) (layers F.Cu F.Paste F.Mask)
      (net 16 VBUS))
    (pad 1 smd rect (at -2.1463 -1.750002) (size 1.1176 0.6604) (layers F.Cu F.Paste F.Mask)
      (net 40 +5V))
    (model ${KIPRJMOD}/Driverino.pretty/3D/tdd01h0sb1r.stp
      (offset (xyz 0 0 0.8))
      (scale (xyz 1 1 1))
      (rotate (xyz -90 0 180))
    )
  )

  (module Driverino:TDD01H0SB1R (layer F.Cu) (tedit 608EFE10) (tstamp 608F8328)
    (at 184 83)
    (path /613CDDB7/6091D84F)
    (fp_text reference JP2 (at 0 -4.2) (layer F.SilkS)
      (effects (font (size 1 1) (thickness 0.15)))
    )
    (fp_text value HAL_SEL (at 0 0) (layer F.SilkS)
      (effects (font (size 1 1) (thickness 0.15)))
    )
    (fp_line (start 1.4478 3.5052) (end -1.4478 3.5052) (layer F.CrtYd) (width 0.1524))
    (fp_line (start 1.4478 2.258) (end 1.4478 3.5052) (layer F.CrtYd) (width 0.1524))
    (fp_line (start 2.8575 2.258) (end 1.4478 2.258) (layer F.CrtYd) (width 0.1524))
    (fp_line (start 2.8575 -2.258) (end 2.8575 2.258) (layer F.CrtYd) (width 0.1524))
    (fp_line (start 1.4478 -2.258) (end 2.8575 -2.258) (layer F.CrtYd) (width 0.1524))
    (fp_line (start 1.4478 -3.5052) (end 1.4478 -2.258) (layer F.CrtYd) (width 0.1524))
    (fp_line (start -1.4478 -3.5052) (end 1.4478 -3.5052) (layer F.CrtYd) (width 0.1524))
    (fp_line (start -1.4478 -2.258) (end -1.4478 -3.5052) (layer F.CrtYd) (width 0.1524))
    (fp_line (start -2.8575 -2.258) (end -1.4478 -2.258) (layer F.CrtYd) (width 0.1524))
    (fp_line (start -2.8575 2.258) (end -2.8575 -2.258) (layer F.CrtYd) (width 0.1524))
    (fp_line (start -1.4478 2.258) (end -2.8575 2.258) (layer F.CrtYd) (width 0.1524))
    (fp_line (start -1.4478 3.5052) (end -1.4478 2.258) (layer F.CrtYd) (width 0.1524))
    (fp_line (start 1.3208 -0.529165) (end 1.3208 -3.3782) (layer F.SilkS) (width 0.1524))
    (fp_line (start -1.3208 2.279164) (end -1.3208 3.3782) (layer F.SilkS) (width 0.1524))
    (fp_line (start -1.3208 -1.220837) (end -1.3208 1.220834) (layer F.SilkS) (width 0.1524))
    (fp_line (start -1.1938 -3.2512) (end -1.1938 3.2512) (layer F.Fab) (width 0.1524))
    (fp_line (start 1.1938 -3.2512) (end -1.1938 -3.2512) (layer F.Fab) (width 0.1524))
    (fp_line (start 1.1938 3.2512) (end 1.1938 -3.2512) (layer F.Fab) (width 0.1524))
    (fp_line (start -1.1938 3.2512) (end 1.1938 3.2512) (layer F.Fab) (width 0.1524))
    (fp_line (start -1.3208 -3.3782) (end -1.3208 -2.279166) (layer F.SilkS) (width 0.1524))
    (fp_line (start 1.3208 -3.3782) (end -1.3208 -3.3782) (layer F.SilkS) (width 0.1524))
    (fp_line (start 1.3208 3.3782) (end 1.3208 0.529165) (layer F.SilkS) (width 0.1524))
    (fp_line (start -1.3208 3.3782) (end 1.3208 3.3782) (layer F.SilkS) (width 0.1524))
    (fp_line (start 0.6985 0.5461) (end -0.6985 0.5461) (layer F.Fab) (width 0.1524))
    (fp_line (start 0.6985 -0.5461) (end 0.6985 0.5461) (layer F.Fab) (width 0.1524))
    (fp_line (start -0.6985 -0.5461) (end 0.6985 -0.5461) (layer F.Fab) (width 0.1524))
    (fp_line (start -0.6985 0.5461) (end -0.6985 -0.5461) (layer F.Fab) (width 0.1524))
    (fp_line (start 2.3495 -0.3048) (end 1.1938 -0.3048) (layer F.Fab) (width 0.1524))
    (fp_line (start 2.3495 0.3048) (end 2.3495 -0.3048) (layer F.Fab) (width 0.1524))
    (fp_line (start 1.1938 0.3048) (end 2.3495 0.3048) (layer F.Fab) (width 0.1524))
    (fp_line (start 1.1938 -0.3048) (end 1.1938 0.3048) (layer F.Fab) (width 0.1524))
    (fp_line (start -2.3495 2.0548) (end -1.1938 2.0548) (layer F.Fab) (width 0.1524))
    (fp_line (start -2.3495 1.4452) (end -2.3495 2.0548) (layer F.Fab) (width 0.1524))
    (fp_line (start -1.1938 1.4452) (end -2.3495 1.4452) (layer F.Fab) (width 0.1524))
    (fp_line (start -1.1938 2.0548) (end -1.1938 1.4452) (layer F.Fab) (width 0.1524))
    (fp_line (start -2.3495 -1.4452) (end -1.1938 -1.4452) (layer F.Fab) (width 0.1524))
    (fp_line (start -2.3495 -2.0548) (end -2.3495 -1.4452) (layer F.Fab) (width 0.1524))
    (fp_line (start -1.1938 -2.0548) (end -2.3495 -2.0548) (layer F.Fab) (width 0.1524))
    (fp_line (start -1.1938 -1.4452) (end -1.1938 -2.0548) (layer F.Fab) (width 0.1524))
    (fp_text user "Copyright 2016 Accelerated Designs. All rights reserved." (at 0 0) (layer Cmts.User)
      (effects (font (size 0.127 0.127) (thickness 0.002)))
    )
    (fp_text user * (at -2.4003 -3.5534) (layer F.SilkS)
      (effects (font (size 1 1) (thickness 0.15)))
    )
    (fp_text user * (at -0.8128 -2.0294) (layer F.Fab)
      (effects (font (size 1 1) (thickness 0.15)))
    )
    (fp_text user * (at -0.8128 -2.0294) (layer F.Fab)
      (effects (font (size 1 1) (thickness 0.15)))
    )
    (fp_text user * (at -2.4003 -3.5534) (layer F.SilkS)
      (effects (font (size 1 1) (thickness 0.15)))
    )
    (fp_arc (start 0 -3.2512) (end 0.3048 -3.2512) (angle 180) (layer F.Fab) (width 0.1524))
    (pad 1 smd rect (at -2.1463 -1.750002) (size 1.1176 0.6604) (layers F.Cu F.Paste F.Mask)
      (net 23 +3.3V))
    (pad 3 smd rect (at -2.1463 1.749999) (size 1.1176 0.6604) (layers F.Cu F.Paste F.Mask)
      (net 40 +5V))
    (pad 2 smd rect (at 2.1463 0) (size 1.1176 0.6604) (layers F.Cu F.Paste F.Mask)
      (net 41 "Net-(JP2-Pad2)"))
    (model ${KIPRJMOD}/Driverino.pretty/3D/tdd01h0sb1r.stp
      (offset (xyz 0 0 0.8))
      (scale (xyz 1 1 1))
      (rotate (xyz -90 0 180))
    )
  )

  (module Capacitor_SMD:C_0402_1005Metric (layer F.Cu) (tedit 5F68FEEE) (tstamp 608F803B)
    (at 98.655001 132.165001)
    (descr "Capacitor SMD 0402 (1005 Metric), square (rectangular) end terminal, IPC_7351 nominal, (Body size source: IPC-SM-782 page 76, https://www.pcb-3d.com/wordpress/wp-content/uploads/ipc-sm-782a_amendment_1_and_2.pdf), generated with kicad-footprint-generator")
    (tags capacitor)
    (path /614792E0/6150561D)
    (attr smd)
    (fp_text reference C1 (at 0 -1.16) (layer F.SilkS)
      (effects (font (size 1 1) (thickness 0.15)))
    )
    (fp_text value 100nF (at 0 1.16) (layer F.Fab)
      (effects (font (size 1 1) (thickness 0.15)))
    )
    (fp_line (start -0.5 0.25) (end -0.5 -0.25) (layer F.Fab) (width 0.1))
    (fp_line (start -0.5 -0.25) (end 0.5 -0.25) (layer F.Fab) (width 0.1))
    (fp_line (start 0.5 -0.25) (end 0.5 0.25) (layer F.Fab) (width 0.1))
    (fp_line (start 0.5 0.25) (end -0.5 0.25) (layer F.Fab) (width 0.1))
    (fp_line (start -0.107836 -0.36) (end 0.107836 -0.36) (layer F.SilkS) (width 0.12))
    (fp_line (start -0.107836 0.36) (end 0.107836 0.36) (layer F.SilkS) (width 0.12))
    (fp_line (start -0.91 0.46) (end -0.91 -0.46) (layer F.CrtYd) (width 0.05))
    (fp_line (start -0.91 -0.46) (end 0.91 -0.46) (layer F.CrtYd) (width 0.05))
    (fp_line (start 0.91 -0.46) (end 0.91 0.46) (layer F.CrtYd) (width 0.05))
    (fp_line (start 0.91 0.46) (end -0.91 0.46) (layer F.CrtYd) (width 0.05))
    (fp_text user %R (at 0 0) (layer F.Fab)
      (effects (font (size 0.25 0.25) (thickness 0.04)))
    )
    (pad 2 smd roundrect (at 0.48 0) (size 0.56 0.62) (layers F.Cu F.Paste F.Mask) (roundrect_rratio 0.25)
      (net 1 VCC))
    (pad 1 smd roundrect (at -0.48 0) (size 0.56 0.62) (layers F.Cu F.Paste F.Mask) (roundrect_rratio 0.25)
      (net 2 GND))
    (model ${KISYS3DMOD}/Capacitor_SMD.3dshapes/C_0402_1005Metric.wrl
      (at (xyz 0 0 0))
      (scale (xyz 1 1 1))
      (rotate (xyz 0 0 0))
    )
  )

  (module Capacitor_SMD:C_0402_1005Metric (layer F.Cu) (tedit 5F68FEEE) (tstamp 608F804C)
    (at 95.785001 132.535001)
    (descr "Capacitor SMD 0402 (1005 Metric), square (rectangular) end terminal, IPC_7351 nominal, (Body size source: IPC-SM-782 page 76, https://www.pcb-3d.com/wordpress/wp-content/uploads/ipc-sm-782a_amendment_1_and_2.pdf), generated with kicad-footprint-generator")
    (tags capacitor)
    (path /614792E0/61505628)
    (attr smd)
    (fp_text reference C2 (at 0 -1.16) (layer F.SilkS)
      (effects (font (size 1 1) (thickness 0.15)))
    )
    (fp_text value 100nF (at 0 1.16) (layer F.Fab)
      (effects (font (size 1 1) (thickness 0.15)))
    )
    (fp_line (start -0.5 0.25) (end -0.5 -0.25) (layer F.Fab) (width 0.1))
    (fp_line (start -0.5 -0.25) (end 0.5 -0.25) (layer F.Fab) (width 0.1))
    (fp_line (start 0.5 -0.25) (end 0.5 0.25) (layer F.Fab) (width 0.1))
    (fp_line (start 0.5 0.25) (end -0.5 0.25) (layer F.Fab) (width 0.1))
    (fp_line (start -0.107836 -0.36) (end 0.107836 -0.36) (layer F.SilkS) (width 0.12))
    (fp_line (start -0.107836 0.36) (end 0.107836 0.36) (layer F.SilkS) (width 0.12))
    (fp_line (start -0.91 0.46) (end -0.91 -0.46) (layer F.CrtYd) (width 0.05))
    (fp_line (start -0.91 -0.46) (end 0.91 -0.46) (layer F.CrtYd) (width 0.05))
    (fp_line (start 0.91 -0.46) (end 0.91 0.46) (layer F.CrtYd) (width 0.05))
    (fp_line (start 0.91 0.46) (end -0.91 0.46) (layer F.CrtYd) (width 0.05))
    (fp_text user %R (at 0 0) (layer F.Fab)
      (effects (font (size 0.25 0.25) (thickness 0.04)))
    )
    (pad 2 smd roundrect (at 0.48 0) (size 0.56 0.62) (layers F.Cu F.Paste F.Mask) (roundrect_rratio 0.25)
      (net 1 VCC))
    (pad 1 smd roundrect (at -0.48 0) (size 0.56 0.62) (layers F.Cu F.Paste F.Mask) (roundrect_rratio 0.25)
      (net 2 GND))
    (model ${KISYS3DMOD}/Capacitor_SMD.3dshapes/C_0402_1005Metric.wrl
      (at (xyz 0 0 0))
      (scale (xyz 1 1 1))
      (rotate (xyz 0 0 0))
    )
  )

  (module Capacitor_SMD:C_0603_1608Metric (layer F.Cu) (tedit 5F68FEEE) (tstamp 608F805D)
    (at 102.755001 118.395001)
    (descr "Capacitor SMD 0603 (1608 Metric), square (rectangular) end terminal, IPC_7351 nominal, (Body size source: IPC-SM-782 page 76, https://www.pcb-3d.com/wordpress/wp-content/uploads/ipc-sm-782a_amendment_1_and_2.pdf), generated with kicad-footprint-generator")
    (tags capacitor)
    (path /614792E0/61492219)
    (attr smd)
    (fp_text reference C3 (at 0 -1.43) (layer F.SilkS)
      (effects (font (size 1 1) (thickness 0.15)))
    )
    (fp_text value 1uF (at 0 1.43) (layer F.Fab)
      (effects (font (size 1 1) (thickness 0.15)))
    )
    (fp_line (start -0.8 0.4) (end -0.8 -0.4) (layer F.Fab) (width 0.1))
    (fp_line (start -0.8 -0.4) (end 0.8 -0.4) (layer F.Fab) (width 0.1))
    (fp_line (start 0.8 -0.4) (end 0.8 0.4) (layer F.Fab) (width 0.1))
    (fp_line (start 0.8 0.4) (end -0.8 0.4) (layer F.Fab) (width 0.1))
    (fp_line (start -0.14058 -0.51) (end 0.14058 -0.51) (layer F.SilkS) (width 0.12))
    (fp_line (start -0.14058 0.51) (end 0.14058 0.51) (layer F.SilkS) (width 0.12))
    (fp_line (start -1.48 0.73) (end -1.48 -0.73) (layer F.CrtYd) (width 0.05))
    (fp_line (start -1.48 -0.73) (end 1.48 -0.73) (layer F.CrtYd) (width 0.05))
    (fp_line (start 1.48 -0.73) (end 1.48 0.73) (layer F.CrtYd) (width 0.05))
    (fp_line (start 1.48 0.73) (end -1.48 0.73) (layer F.CrtYd) (width 0.05))
    (fp_text user %R (at 0 0) (layer F.Fab)
      (effects (font (size 0.4 0.4) (thickness 0.06)))
    )
    (pad 2 smd roundrect (at 0.775 0) (size 0.9 0.95) (layers F.Cu F.Paste F.Mask) (roundrect_rratio 0.25)
      (net 3 "Net-(C3-Pad2)"))
    (pad 1 smd roundrect (at -0.775 0) (size 0.9 0.95) (layers F.Cu F.Paste F.Mask) (roundrect_rratio 0.25)
      (net 2 GND))
    (model ${KISYS3DMOD}/Capacitor_SMD.3dshapes/C_0603_1608Metric.wrl
      (at (xyz 0 0 0))
      (scale (xyz 1 1 1))
      (rotate (xyz 0 0 0))
    )
  )

  (module Capacitor_SMD:C_0603_1608Metric (layer F.Cu) (tedit 5F68FEEE) (tstamp 608F806E)
    (at 90.535001 130.815001)
    (descr "Capacitor SMD 0603 (1608 Metric), square (rectangular) end terminal, IPC_7351 nominal, (Body size source: IPC-SM-782 page 76, https://www.pcb-3d.com/wordpress/wp-content/uploads/ipc-sm-782a_amendment_1_and_2.pdf), generated with kicad-footprint-generator")
    (tags capacitor)
    (path /614792E0/614921FB)
    (attr smd)
    (fp_text reference C4 (at 0 -1.43) (layer F.SilkS)
      (effects (font (size 1 1) (thickness 0.15)))
    )
    (fp_text value 1uF (at 0 1.43) (layer F.Fab)
      (effects (font (size 1 1) (thickness 0.15)))
    )
    (fp_line (start 1.48 0.73) (end -1.48 0.73) (layer F.CrtYd) (width 0.05))
    (fp_line (start 1.48 -0.73) (end 1.48 0.73) (layer F.CrtYd) (width 0.05))
    (fp_line (start -1.48 -0.73) (end 1.48 -0.73) (layer F.CrtYd) (width 0.05))
    (fp_line (start -1.48 0.73) (end -1.48 -0.73) (layer F.CrtYd) (width 0.05))
    (fp_line (start -0.14058 0.51) (end 0.14058 0.51) (layer F.SilkS) (width 0.12))
    (fp_line (start -0.14058 -0.51) (end 0.14058 -0.51) (layer F.SilkS) (width 0.12))
    (fp_line (start 0.8 0.4) (end -0.8 0.4) (layer F.Fab) (width 0.1))
    (fp_line (start 0.8 -0.4) (end 0.8 0.4) (layer F.Fab) (width 0.1))
    (fp_line (start -0.8 -0.4) (end 0.8 -0.4) (layer F.Fab) (width 0.1))
    (fp_line (start -0.8 0.4) (end -0.8 -0.4) (layer F.Fab) (width 0.1))
    (fp_text user %R (at 0 0) (layer F.Fab)
      (effects (font (size 0.4 0.4) (thickness 0.06)))
    )
    (pad 1 smd roundrect (at -0.775 0) (size 0.9 0.95) (layers F.Cu F.Paste F.Mask) (roundrect_rratio 0.25)
      (net 2 GND))
    (pad 2 smd roundrect (at 0.775 0) (size 0.9 0.95) (layers F.Cu F.Paste F.Mask) (roundrect_rratio 0.25)
      (net 4 "Net-(C4-Pad2)"))
    (model ${KISYS3DMOD}/Capacitor_SMD.3dshapes/C_0603_1608Metric.wrl
      (at (xyz 0 0 0))
      (scale (xyz 1 1 1))
      (rotate (xyz 0 0 0))
    )
  )

  (module Capacitor_SMD:C_0402_1005Metric (layer F.Cu) (tedit 5F68FEEE) (tstamp 608F807F)
    (at 107.515001 121.805001)
    (descr "Capacitor SMD 0402 (1005 Metric), square (rectangular) end terminal, IPC_7351 nominal, (Body size source: IPC-SM-782 page 76, https://www.pcb-3d.com/wordpress/wp-content/uploads/ipc-sm-782a_amendment_1_and_2.pdf), generated with kicad-footprint-generator")
    (tags capacitor)
    (path /614792E0/61492192)
    (attr smd)
    (fp_text reference C5 (at 0 -1.16) (layer F.SilkS)
      (effects (font (size 1 1) (thickness 0.15)))
    )
    (fp_text value 100nF (at 0 1.16) (layer F.Fab)
      (effects (font (size 1 1) (thickness 0.15)))
    )
    (fp_line (start 0.91 0.46) (end -0.91 0.46) (layer F.CrtYd) (width 0.05))
    (fp_line (start 0.91 -0.46) (end 0.91 0.46) (layer F.CrtYd) (width 0.05))
    (fp_line (start -0.91 -0.46) (end 0.91 -0.46) (layer F.CrtYd) (width 0.05))
    (fp_line (start -0.91 0.46) (end -0.91 -0.46) (layer F.CrtYd) (width 0.05))
    (fp_line (start -0.107836 0.36) (end 0.107836 0.36) (layer F.SilkS) (width 0.12))
    (fp_line (start -0.107836 -0.36) (end 0.107836 -0.36) (layer F.SilkS) (width 0.12))
    (fp_line (start 0.5 0.25) (end -0.5 0.25) (layer F.Fab) (width 0.1))
    (fp_line (start 0.5 -0.25) (end 0.5 0.25) (layer F.Fab) (width 0.1))
    (fp_line (start -0.5 -0.25) (end 0.5 -0.25) (layer F.Fab) (width 0.1))
    (fp_line (start -0.5 0.25) (end -0.5 -0.25) (layer F.Fab) (width 0.1))
    (fp_text user %R (at 0 0) (layer F.Fab)
      (effects (font (size 0.25 0.25) (thickness 0.04)))
    )
    (pad 1 smd roundrect (at -0.48 0) (size 0.56 0.62) (layers F.Cu F.Paste F.Mask) (roundrect_rratio 0.25)
      (net 1 VCC))
    (pad 2 smd roundrect (at 0.48 0) (size 0.56 0.62) (layers F.Cu F.Paste F.Mask) (roundrect_rratio 0.25)
      (net 2 GND))
    (model ${KISYS3DMOD}/Capacitor_SMD.3dshapes/C_0402_1005Metric.wrl
      (at (xyz 0 0 0))
      (scale (xyz 1 1 1))
      (rotate (xyz 0 0 0))
    )
  )

  (module Capacitor_SMD:C_0402_1005Metric (layer F.Cu) (tedit 5F68FEEE) (tstamp 608F8090)
    (at 99.795001 130.175001)
    (descr "Capacitor SMD 0402 (1005 Metric), square (rectangular) end terminal, IPC_7351 nominal, (Body size source: IPC-SM-782 page 76, https://www.pcb-3d.com/wordpress/wp-content/uploads/ipc-sm-782a_amendment_1_and_2.pdf), generated with kicad-footprint-generator")
    (tags capacitor)
    (path /614792E0/61492132)
    (attr smd)
    (fp_text reference C6 (at 0 -1.16) (layer F.SilkS)
      (effects (font (size 1 1) (thickness 0.15)))
    )
    (fp_text value 100nF (at 0 1.16) (layer F.Fab)
      (effects (font (size 1 1) (thickness 0.15)))
    )
    (fp_line (start 0.91 0.46) (end -0.91 0.46) (layer F.CrtYd) (width 0.05))
    (fp_line (start 0.91 -0.46) (end 0.91 0.46) (layer F.CrtYd) (width 0.05))
    (fp_line (start -0.91 -0.46) (end 0.91 -0.46) (layer F.CrtYd) (width 0.05))
    (fp_line (start -0.91 0.46) (end -0.91 -0.46) (layer F.CrtYd) (width 0.05))
    (fp_line (start -0.107836 0.36) (end 0.107836 0.36) (layer F.SilkS) (width 0.12))
    (fp_line (start -0.107836 -0.36) (end 0.107836 -0.36) (layer F.SilkS) (width 0.12))
    (fp_line (start 0.5 0.25) (end -0.5 0.25) (layer F.Fab) (width 0.1))
    (fp_line (start 0.5 -0.25) (end 0.5 0.25) (layer F.Fab) (width 0.1))
    (fp_line (start -0.5 -0.25) (end 0.5 -0.25) (layer F.Fab) (width 0.1))
    (fp_line (start -0.5 0.25) (end -0.5 -0.25) (layer F.Fab) (width 0.1))
    (fp_text user %R (at 0 0) (layer F.Fab)
      (effects (font (size 0.25 0.25) (thickness 0.04)))
    )
    (pad 1 smd roundrect (at -0.48 0) (size 0.56 0.62) (layers F.Cu F.Paste F.Mask) (roundrect_rratio 0.25)
      (net 2 GND))
    (pad 2 smd roundrect (at 0.48 0) (size 0.56 0.62) (layers F.Cu F.Paste F.Mask) (roundrect_rratio 0.25)
      (net 5 /ARDUINO-MICRO/A5))
    (model ${KISYS3DMOD}/Capacitor_SMD.3dshapes/C_0402_1005Metric.wrl
      (at (xyz 0 0 0))
      (scale (xyz 1 1 1))
      (rotate (xyz 0 0 0))
    )
  )

  (module Capacitor_SMD:C_0402_1005Metric (layer F.Cu) (tedit 5F68FEEE) (tstamp 608F80A1)
    (at 110.425001 119.815001)
    (descr "Capacitor SMD 0402 (1005 Metric), square (rectangular) end terminal, IPC_7351 nominal, (Body size source: IPC-SM-782 page 76, https://www.pcb-3d.com/wordpress/wp-content/uploads/ipc-sm-782a_amendment_1_and_2.pdf), generated with kicad-footprint-generator")
    (tags capacitor)
    (path /614792E0/6149216D)
    (attr smd)
    (fp_text reference C7 (at 0 -1.16) (layer F.SilkS)
      (effects (font (size 1 1) (thickness 0.15)))
    )
    (fp_text value 100nF (at 0 1.16) (layer F.Fab)
      (effects (font (size 1 1) (thickness 0.15)))
    )
    (fp_line (start 0.91 0.46) (end -0.91 0.46) (layer F.CrtYd) (width 0.05))
    (fp_line (start 0.91 -0.46) (end 0.91 0.46) (layer F.CrtYd) (width 0.05))
    (fp_line (start -0.91 -0.46) (end 0.91 -0.46) (layer F.CrtYd) (width 0.05))
    (fp_line (start -0.91 0.46) (end -0.91 -0.46) (layer F.CrtYd) (width 0.05))
    (fp_line (start -0.107836 0.36) (end 0.107836 0.36) (layer F.SilkS) (width 0.12))
    (fp_line (start -0.107836 -0.36) (end 0.107836 -0.36) (layer F.SilkS) (width 0.12))
    (fp_line (start 0.5 0.25) (end -0.5 0.25) (layer F.Fab) (width 0.1))
    (fp_line (start 0.5 -0.25) (end 0.5 0.25) (layer F.Fab) (width 0.1))
    (fp_line (start -0.5 -0.25) (end 0.5 -0.25) (layer F.Fab) (width 0.1))
    (fp_line (start -0.5 0.25) (end -0.5 -0.25) (layer F.Fab) (width 0.1))
    (fp_text user %R (at 0 0) (layer F.Fab)
      (effects (font (size 0.25 0.25) (thickness 0.04)))
    )
    (pad 1 smd roundrect (at -0.48 0) (size 0.56 0.62) (layers F.Cu F.Paste F.Mask) (roundrect_rratio 0.25)
      (net 6 "Net-(C7-Pad1)"))
    (pad 2 smd roundrect (at 0.48 0) (size 0.56 0.62) (layers F.Cu F.Paste F.Mask) (roundrect_rratio 0.25)
      (net 2 GND))
    (model ${KISYS3DMOD}/Capacitor_SMD.3dshapes/C_0402_1005Metric.wrl
      (at (xyz 0 0 0))
      (scale (xyz 1 1 1))
      (rotate (xyz 0 0 0))
    )
  )

  (module Capacitor_SMD:C_0402_1005Metric (layer F.Cu) (tedit 5F68FEEE) (tstamp 608F80B2)
    (at 101.995001 127.485001)
    (descr "Capacitor SMD 0402 (1005 Metric), square (rectangular) end terminal, IPC_7351 nominal, (Body size source: IPC-SM-782 page 76, https://www.pcb-3d.com/wordpress/wp-content/uploads/ipc-sm-782a_amendment_1_and_2.pdf), generated with kicad-footprint-generator")
    (tags capacitor)
    (path /614792E0/6149204C)
    (attr smd)
    (fp_text reference C8 (at 0 -1.16) (layer F.SilkS)
      (effects (font (size 1 1) (thickness 0.15)))
    )
    (fp_text value 100nF (at 0 1.16) (layer F.Fab)
      (effects (font (size 1 1) (thickness 0.15)))
    )
    (fp_line (start 0.91 0.46) (end -0.91 0.46) (layer F.CrtYd) (width 0.05))
    (fp_line (start 0.91 -0.46) (end 0.91 0.46) (layer F.CrtYd) (width 0.05))
    (fp_line (start -0.91 -0.46) (end 0.91 -0.46) (layer F.CrtYd) (width 0.05))
    (fp_line (start -0.91 0.46) (end -0.91 -0.46) (layer F.CrtYd) (width 0.05))
    (fp_line (start -0.107836 0.36) (end 0.107836 0.36) (layer F.SilkS) (width 0.12))
    (fp_line (start -0.107836 -0.36) (end 0.107836 -0.36) (layer F.SilkS) (width 0.12))
    (fp_line (start 0.5 0.25) (end -0.5 0.25) (layer F.Fab) (width 0.1))
    (fp_line (start 0.5 -0.25) (end 0.5 0.25) (layer F.Fab) (width 0.1))
    (fp_line (start -0.5 -0.25) (end 0.5 -0.25) (layer F.Fab) (width 0.1))
    (fp_line (start -0.5 0.25) (end -0.5 -0.25) (layer F.Fab) (width 0.1))
    (fp_text user %R (at 0 0) (layer F.Fab)
      (effects (font (size 0.25 0.25) (thickness 0.04)))
    )
    (pad 1 smd roundrect (at -0.48 0) (size 0.56 0.62) (layers F.Cu F.Paste F.Mask) (roundrect_rratio 0.25)
      (net 2 GND))
    (pad 2 smd roundrect (at 0.48 0) (size 0.56 0.62) (layers F.Cu F.Paste F.Mask) (roundrect_rratio 0.25)
      (net 7 "Net-(C8-Pad2)"))
    (model ${KISYS3DMOD}/Capacitor_SMD.3dshapes/C_0402_1005Metric.wrl
      (at (xyz 0 0 0))
      (scale (xyz 1 1 1))
      (rotate (xyz 0 0 0))
    )
  )

  (module Capacitor_SMD:C_0402_1005Metric (layer F.Cu) (tedit 5F68FEEE) (tstamp 608F80C3)
    (at 107.735001 126.585001)
    (descr "Capacitor SMD 0402 (1005 Metric), square (rectangular) end terminal, IPC_7351 nominal, (Body size source: IPC-SM-782 page 76, https://www.pcb-3d.com/wordpress/wp-content/uploads/ipc-sm-782a_amendment_1_and_2.pdf), generated with kicad-footprint-generator")
    (tags capacitor)
    (path /614792E0/61492181)
    (attr smd)
    (fp_text reference C9 (at 0 -1.16) (layer F.SilkS)
      (effects (font (size 1 1) (thickness 0.15)))
    )
    (fp_text value 100nF (at 0 1.16) (layer F.Fab)
      (effects (font (size 1 1) (thickness 0.15)))
    )
    (fp_line (start 0.91 0.46) (end -0.91 0.46) (layer F.CrtYd) (width 0.05))
    (fp_line (start 0.91 -0.46) (end 0.91 0.46) (layer F.CrtYd) (width 0.05))
    (fp_line (start -0.91 -0.46) (end 0.91 -0.46) (layer F.CrtYd) (width 0.05))
    (fp_line (start -0.91 0.46) (end -0.91 -0.46) (layer F.CrtYd) (width 0.05))
    (fp_line (start -0.107836 0.36) (end 0.107836 0.36) (layer F.SilkS) (width 0.12))
    (fp_line (start -0.107836 -0.36) (end 0.107836 -0.36) (layer F.SilkS) (width 0.12))
    (fp_line (start 0.5 0.25) (end -0.5 0.25) (layer F.Fab) (width 0.1))
    (fp_line (start 0.5 -0.25) (end 0.5 0.25) (layer F.Fab) (width 0.1))
    (fp_line (start -0.5 -0.25) (end 0.5 -0.25) (layer F.Fab) (width 0.1))
    (fp_line (start -0.5 0.25) (end -0.5 -0.25) (layer F.Fab) (width 0.1))
    (fp_text user %R (at 0 0) (layer F.Fab)
      (effects (font (size 0.25 0.25) (thickness 0.04)))
    )
    (pad 1 smd roundrect (at -0.48 0) (size 0.56 0.62) (layers F.Cu F.Paste F.Mask) (roundrect_rratio 0.25)
      (net 1 VCC))
    (pad 2 smd roundrect (at 0.48 0) (size 0.56 0.62) (layers F.Cu F.Paste F.Mask) (roundrect_rratio 0.25)
      (net 8 "Net-(C9-Pad2)"))
    (model ${KISYS3DMOD}/Capacitor_SMD.3dshapes/C_0402_1005Metric.wrl
      (at (xyz 0 0 0))
      (scale (xyz 1 1 1))
      (rotate (xyz 0 0 0))
    )
  )

  (module Capacitor_SMD:C_0402_1005Metric (layer F.Cu) (tedit 5F68FEEE) (tstamp 608F80D4)
    (at 101.525001 132.145001)
    (descr "Capacitor SMD 0402 (1005 Metric), square (rectangular) end terminal, IPC_7351 nominal, (Body size source: IPC-SM-782 page 76, https://www.pcb-3d.com/wordpress/wp-content/uploads/ipc-sm-782a_amendment_1_and_2.pdf), generated with kicad-footprint-generator")
    (tags capacitor)
    (path /614792E0/6149201F)
    (attr smd)
    (fp_text reference C10 (at 0 -1.16) (layer F.SilkS)
      (effects (font (size 1 1) (thickness 0.15)))
    )
    (fp_text value 18pF (at 0 1.16) (layer F.Fab)
      (effects (font (size 1 1) (thickness 0.15)))
    )
    (fp_line (start 0.91 0.46) (end -0.91 0.46) (layer F.CrtYd) (width 0.05))
    (fp_line (start 0.91 -0.46) (end 0.91 0.46) (layer F.CrtYd) (width 0.05))
    (fp_line (start -0.91 -0.46) (end 0.91 -0.46) (layer F.CrtYd) (width 0.05))
    (fp_line (start -0.91 0.46) (end -0.91 -0.46) (layer F.CrtYd) (width 0.05))
    (fp_line (start -0.107836 0.36) (end 0.107836 0.36) (layer F.SilkS) (width 0.12))
    (fp_line (start -0.107836 -0.36) (end 0.107836 -0.36) (layer F.SilkS) (width 0.12))
    (fp_line (start 0.5 0.25) (end -0.5 0.25) (layer F.Fab) (width 0.1))
    (fp_line (start 0.5 -0.25) (end 0.5 0.25) (layer F.Fab) (width 0.1))
    (fp_line (start -0.5 -0.25) (end 0.5 -0.25) (layer F.Fab) (width 0.1))
    (fp_line (start -0.5 0.25) (end -0.5 -0.25) (layer F.Fab) (width 0.1))
    (fp_text user %R (at 0 0) (layer F.Fab)
      (effects (font (size 0.25 0.25) (thickness 0.04)))
    )
    (pad 1 smd roundrect (at -0.48 0) (size 0.56 0.62) (layers F.Cu F.Paste F.Mask) (roundrect_rratio 0.25)
      (net 9 "Net-(C10-Pad1)"))
    (pad 2 smd roundrect (at 0.48 0) (size 0.56 0.62) (layers F.Cu F.Paste F.Mask) (roundrect_rratio 0.25)
      (net 2 GND))
    (model ${KISYS3DMOD}/Capacitor_SMD.3dshapes/C_0402_1005Metric.wrl
      (at (xyz 0 0 0))
      (scale (xyz 1 1 1))
      (rotate (xyz 0 0 0))
    )
  )

  (module Capacitor_SMD:C_0402_1005Metric (layer F.Cu) (tedit 5F68FEEE) (tstamp 608F80E5)
    (at 108.685001 123.775001)
    (descr "Capacitor SMD 0402 (1005 Metric), square (rectangular) end terminal, IPC_7351 nominal, (Body size source: IPC-SM-782 page 76, https://www.pcb-3d.com/wordpress/wp-content/uploads/ipc-sm-782a_amendment_1_and_2.pdf), generated with kicad-footprint-generator")
    (tags capacitor)
    (path /614792E0/61492012)
    (attr smd)
    (fp_text reference C11 (at 0 -1.16) (layer F.SilkS)
      (effects (font (size 1 1) (thickness 0.15)))
    )
    (fp_text value 18pF (at 0 1.16) (layer F.Fab)
      (effects (font (size 1 1) (thickness 0.15)))
    )
    (fp_line (start -0.5 0.25) (end -0.5 -0.25) (layer F.Fab) (width 0.1))
    (fp_line (start -0.5 -0.25) (end 0.5 -0.25) (layer F.Fab) (width 0.1))
    (fp_line (start 0.5 -0.25) (end 0.5 0.25) (layer F.Fab) (width 0.1))
    (fp_line (start 0.5 0.25) (end -0.5 0.25) (layer F.Fab) (width 0.1))
    (fp_line (start -0.107836 -0.36) (end 0.107836 -0.36) (layer F.SilkS) (width 0.12))
    (fp_line (start -0.107836 0.36) (end 0.107836 0.36) (layer F.SilkS) (width 0.12))
    (fp_line (start -0.91 0.46) (end -0.91 -0.46) (layer F.CrtYd) (width 0.05))
    (fp_line (start -0.91 -0.46) (end 0.91 -0.46) (layer F.CrtYd) (width 0.05))
    (fp_line (start 0.91 -0.46) (end 0.91 0.46) (layer F.CrtYd) (width 0.05))
    (fp_line (start 0.91 0.46) (end -0.91 0.46) (layer F.CrtYd) (width 0.05))
    (fp_text user %R (at 0 0) (layer F.Fab)
      (effects (font (size 0.25 0.25) (thickness 0.04)))
    )
    (pad 2 smd roundrect (at 0.48 0) (size 0.56 0.62) (layers F.Cu F.Paste F.Mask) (roundrect_rratio 0.25)
      (net 2 GND))
    (pad 1 smd roundrect (at -0.48 0) (size 0.56 0.62) (layers F.Cu F.Paste F.Mask) (roundrect_rratio 0.25)
      (net 10 "Net-(C11-Pad1)"))
    (model ${KISYS3DMOD}/Capacitor_SMD.3dshapes/C_0402_1005Metric.wrl
      (at (xyz 0 0 0))
      (scale (xyz 1 1 1))
      (rotate (xyz 0 0 0))
    )
  )

  (module Capacitor_SMD:C_0402_1005Metric (layer F.Cu) (tedit 5F68FEEE) (tstamp 608F80F6)
    (at 102.665001 129.455001)
    (descr "Capacitor SMD 0402 (1005 Metric), square (rectangular) end terminal, IPC_7351 nominal, (Body size source: IPC-SM-782 page 76, https://www.pcb-3d.com/wordpress/wp-content/uploads/ipc-sm-782a_amendment_1_and_2.pdf), generated with kicad-footprint-generator")
    (tags capacitor)
    (path /614792E0/61492155)
    (attr smd)
    (fp_text reference C12 (at 0 -1.16) (layer F.SilkS)
      (effects (font (size 1 1) (thickness 0.15)))
    )
    (fp_text value 100nF (at 0 1.16) (layer F.Fab)
      (effects (font (size 1 1) (thickness 0.15)))
    )
    (fp_line (start 0.91 0.46) (end -0.91 0.46) (layer F.CrtYd) (width 0.05))
    (fp_line (start 0.91 -0.46) (end 0.91 0.46) (layer F.CrtYd) (width 0.05))
    (fp_line (start -0.91 -0.46) (end 0.91 -0.46) (layer F.CrtYd) (width 0.05))
    (fp_line (start -0.91 0.46) (end -0.91 -0.46) (layer F.CrtYd) (width 0.05))
    (fp_line (start -0.107836 0.36) (end 0.107836 0.36) (layer F.SilkS) (width 0.12))
